-10.811684 -78.612803 9.159727 
12.644861 -77.212601 11.882252 
-33.499436 -68.832446 -13.595872 
28.076345 -56.687884 -14.528751 
-50.488064 -8.810610 25.067905 
49.194692 -7.678921 30.130955 
-49.645168 -21.599915 6.456756 
51.455217 -16.761609 3.950262 
46.367946 -53.111362 44.180587 
-31.318110 -23.449606 55.707874 
-26.000000 -57.585185 48.876941 
27.171964 -53.230644 53.251834 
-44.372796 -57.820079 1.602015 
43.087581 -51.625579 -4.978221 
-38.408419 -72.701934 38.169511 
-37.985340 -4.874814 -20.382774 
36.828372 -0.524440 -23.573319 
-11.060558 -26.853607 61.932596 
16.906353 -24.162368 61.751774 
28.813514 -61.626126 34.794595 
58.244151 -25.863683 37.340793 
-54.604890 -47.459779 35.350158 
56.311761 -42.605428 25.588031 
-31.755970 19.392752 9.940302 
41.111111 25.314056 8.985274 
-17.429268 -91.104390 -0.410732 
20.010610 -84.138992 -1.690186 
-23.086331 14.225899 48.474820 
25.061295 13.893839 44.745972 
24.112029 41.461400 30.759785 
-15.461756 33.148253 48.177526 
-26.906029 44.575055 0.855748 
27.832586 21.648758 0.408360 
-57.016872 -47.044232 -2.731418 
61.609474 -37.759676 -8.263432 
-23.294900 47.995565 23.717073 
20.187588 57.214386 18.737659 
0.239912 -57.502568 33.714600 
0.232166 43.093074 10.995028 